NAME: UniGe problem
TYPE: ATSP
COMMENT: Original weights had 1 decimal; multiplied by 10 and rounded to integers.
DIMENSION: 47
EDGE_WEIGHT_TYPE: EXPLICIT
EDGE_WEIGHT_FORMAT: FULL_MATRIX
EDGE_WEIGHT_SECTION
0 2902 1362 1392 110 1362 222 581 794 794 794 28357 32169 30162 8813 11224 8129 24122 25399 27986 5406 222 16411 4934 8930 7649 8717 7451 8798 27731 27814 222 794 20608 21096 19905 18623 796 1302 222 222 28548 27892 26092 8129 29726 32089
2902 0 2598 2628 3012 2598 2680 3483 3299 3299 3299 25802 29614 27607 6035 8479 5384 21558 22835 25431 5654 2680 18514 5182 6185 7897 5939 4706 6053 25176 25259 2680 3299 21503 18532 17341 16068 3221 2386 2680 2680 25993 25337 23528 5384 27171 29534
1362 2598 0 30 1472 0 1243 1943 1848 1848 1848 27723 31535 29528 8507 10918 7823 23488 24765 27352 6412 1243 17462 5940 8624 8655 8411 7145 8492 27097 27180 1243 1848 21659 20462 19271 17989 1842 1510 1243 1243 27914 27258 25458 7823 29092 31455
1392 2628 30 0 1502 30 1273 1973 1878 1878 1878 27693 31505 29498 8520 10931 7836 23458 24735 27322 6442 1273 17492 5970 8637 8685 8424 7158 8505 27067 27150 1273 1878 21689 20432 19241 17959 1872 1540 1273 1273 27884 27228 25428 7836 29062 31425
110 3012 1472 1502 0 1472 332 471 904 904 904 28467 32279 30272 8923 11334 8239 24232 25509 28096 5516 332 16521 5044 9040 7759 8827 7561 8908 27841 27924 332 904 20718 21206 20015 18733 906 1412 332 332 28658 28002 26202 8239 29836 32199
1362 2598 0 30 1472 0 1243 1943 1848 1848 1848 27723 31535 29528 8507 10918 7823 23488 24765 27352 6412 1243 17462 5940 8624 8655 8411 7145 8492 27097 27180 1243 1848 21659 20462 19271 17989 1842 1510 1243 1243 27914 27258 25458 7823 29092 31455
222 2680 1243 1273 332 1243 0 803 619 619 619 28213 32025 30018 8669 11080 7985 23978 25255 27842 5214 0 16219 4742 8786 7457 8573 7307 8654 27587 27670 0 619 20416 20952 19761 18479 604 1080 0 0 28404 27748 25948 7985 29582 31945
581 3483 1943 1973 471 1943 803 0 1375 1375 1375 28938 32750 30743 9394 11805 8710 24703 25980 28567 5987 803 16992 5515 9511 8230 9298 8032 9379 28312 28395 803 1375 21189 21677 20486 19204 1377 1883 803 803 29129 28473 26673 8710 30307 32670
794 3299 1848 1878 904 1848 619 1375 0 0 0 28832 32644 30637 9288 11699 8604 24597 25874 28461 4951 619 15888 4479 9405 7194 9192 7926 9273 28206 28289 619 0 20085 21571 20380 19098 418 1585 619 619 29023 28367 26567 8604 30201 32564
794 3299 1848 1878 904 1848 619 1375 0 0 0 28832 32644 30637 9288 11699 8604 24597 25874 28461 4951 619 15888 4479 9405 7194 9192 7926 9273 28206 28289 619 0 20085 21571 20380 19098 418 1585 619 619 29023 28367 26567 8604 30201 32564
794 3299 1848 1878 904 1848 619 1375 0 0 0 28832 32644 30637 9288 11699 8604 24597 25874 28461 4951 619 15888 4479 9405 7194 9192 7926 9273 28206 28289 619 0 20085 21571 20380 19098 418 1585 619 619 29023 28367 26567 8604 30201 32564
28357 25802 27723 27693 28467 27723 28213 28938 28832 28832 28832 0 4389 4920 27769 23567 22411 9174 9722 371 31430 28213 42098 30958 23212 33673 25833 22002 23080 626 1501 28213 28832 43388 13663 12472 10947 28774 27973 28213 28213 442 1457 11521 22411 1370 4309
32169 29614 31535 31505 32279 31535 32025 32750 32644 32644 32644 4389 0 8497 30671 26893 26223 11338 11762 4760 35242 32025 45000 34770 27024 37308 28735 25814 26892 5015 4678 32025 32644 46290 16302 15322 14160 32586 31785 32025 32025 4625 4482 13561 26223 4098 2116
30162 27607 29528 29498 30272 29528 30018 30743 30637 30637 30637 4920 8497 0 29574 25372 24216 11590 12266 4549 33235 30018 43903 32763 25017 35478 27638 23807 24885 4294 4499 30018 30637 45193 15522 14331 12806 30579 29778 30018 30018 5072 4539 14383 24216 4579 8417
8813 6035 8507 8520 8923 8507 8669 9394 9288 9288 9288 27769 30671 29574 0 7953 6225 21457 22734 27398 5973 8669 15546 6445 6164 6981 2378 7069 6086 27143 26749 8669 9288 16836 17813 17430 17720 9230 8421 8669 8669 27960 27020 23230 6225 29138 30591
11224 8479 10918 10931 11334 10918 11080 11805 11699 11699 11699 23567 26893 25372 7953 0 3937 18033 19310 23196 13542 11080 22282 13573 4738 14550 5977 3939 4606 22941 22971 11080 11699 23572 14907 13716 13833 11641 10840 11080 11080 23758 23102 20003 3937 24936 26813
8129 5384 7823 7836 8239 7823 7985 8710 8604 8604 8604 22411 26223 24216 6225 3937 0 17775 19052 22040 10875 7985 21469 10478 801 11883 5308 844 669 21785 21868 7985 8604 22759 14649 13458 12677 8546 7745 7985 7985 22602 21946 19745 0 23780 26143
24122 21558 23488 23458 24232 23488 23978 24703 24597 24597 24597 9174 11338 11590 21457 18033 17775 0 2055 8900 27086 23978 35786 26717 18576 28094 19521 17753 18444 8645 7877 23978 24597 37076 6329 6141 6109 24539 23738 23978 23978 9428 7986 4495 17775 10439 11258
25399 22835 24765 24735 25509 24765 25255 25980 25874 25874 25874 9722 11762 12266 22734 19310 19052 2055 0 9576 28363 25255 37063 27994 19853 29371 20798 19030 19721 9321 8553 25255 25874 38353 6876 7418 7500 25816 25015 25255 25255 9976 8534 2900 19052 10987 11682
27986 25431 27352 27322 28096 27352 27842 28567 28461 28461 28461 371 4760 4549 27398 23196 22040 8900 9576 0 31059 27842 41727 30587 22841 33302 25462 21631 22709 255 1130 27842 28461 43017 13292 12101 10576 28403 27602 27842 27842 622 1086 11385 22040 1741 4680
5406 5654 6412 6442 5516 6412 5214 5987 4951 4951 4951 31430 35242 33235 5973 13542 10875 27086 28363 31059 0 5214 17007 472 10814 2614 7625 10272 10736 30804 30887 5214 4951 18374 23442 22972 21696 4773 4902 5214 5214 31621 30965 28859 10875 32799 35162
222 2680 1243 1273 332 1243 0 803 619 619 619 28213 32025 30018 8669 11080 7985 23978 25255 27842 5214 0 16219 4742 8786 7457 8573 7307 8654 27587 27670 0 619 20416 20952 19761 18479 604 1080 0 0 28404 27748 25948 7985 29582 31945
16411 18514 17462 17492 16521 17462 16219 16992 15888 15888 15888 42098 45000 43903 15546 22282 21469 35786 37063 41727 17007 16219 0 16535 21408 15674 16785 22313 21330 41472 41078 16219 15888 6161 32142 31759 32049 15824 16507 16219 16219 42289 41349 37559 21469 43467 44920
4934 5182 5940 5970 5044 5940 4742 5515 4479 4479 4479 30958 34770 32763 6445 13573 10478 26717 27994 30587 472 4742 16535 0 10588 3086 8097 9800 10510 30332 30415 4742 4479 18846 23691 22500 21224 4301 4430 4742 4742 31149 30493 28687 10478 32327 34690
8930 6185 8624 8637 9040 8624 8786 9511 9405 9405 9405 23212 27024 25017 6164 4738 801 18576 19853 22841 10814 8786 21408 10588 0 11822 5247 1645 132 22586 22669 8786 9405 22698 15450 14259 13478 9347 8546 8786 8786 23403 22747 20546 801 24581 26944
7649 7897 8655 8685 7759 8655 7457 8230 7194 7194 7194 33673 37308 35478 6981 14550 11883 28094 29371 33302 2614 7457 15674 3086 11822 0 8633 12515 11744 33047 33130 7457 7194 16964 24450 24067 23939 7016 7145 7457 7457 33864 33208 29867 11883 35042 37228
8717 5939 8411 8424 8827 8411 8573 9298 9192 9192 9192 25833 28735 27638 2378 5977 5308 19521 20798 25462 7625 8573 16785 8097 5247 8633 0 6152 5169 25207 24813 8573 9192 18075 15877 15494 15784 9134 8325 8573 8573 26024 25084 21294 5308 27202 28655
7451 4706 7145 7158 7561 7145 7307 8032 7926 7926 7926 22002 25814 23807 7069 3939 844 17753 19030 21631 10272 7307 22313 9800 1645 12515 6152 0 1513 21376 21459 7307 7926 23603 14651 13460 12268 7868 7067 7307 7307 22193 21537 19723 844 23371 25734
8798 6053 8492 8505 8908 8492 8654 9379 9273 9273 9273 23080 26892 24885 6086 4606 669 18444 19721 22709 10736 8654 21330 10510 132 11744 5169 1513 0 22454 22537 8654 9273 22620 15318 14127 13346 9215 8414 8654 8654 23271 22615 20414 669 24449 26812
27731 25176 27097 27067 27841 27097 27587 28312 28206 28206 28206 626 5015 4294 27143 22941 21785 8645 9321 255 30804 27587 41472 30332 22586 33047 25207 21376 22454 0 875 27587 28206 42762 13037 11846 10321 28148 27347 27587 27587 877 831 11130 21785 1996 4935
27814 25259 27180 27150 27924 27180 27670 28395 28289 28289 28289 1501 4678 4499 26749 22971 21868 7877 8553 1130 30887 27670 41078 30415 22669 33130 24813 21459 22537 875 0 27670 28289 42368 12591 11400 10238 28231 27430 27670 27670 1750 858 10388 21868 2871 4598
222 2680 1243 1273 332 1243 0 803 619 619 619 28213 32025 30018 8669 11080 7985 23978 25255 27842 5214 0 16219 4742 8786 7457 8573 7307 8654 27587 27670 0 619 20416 20952 19761 18479 604 1080 0 0 28404 27748 25948 7985 29582 31945
794 3299 1848 1878 904 1848 619 1375 0 0 0 28832 32644 30637 9288 11699 8604 24597 25874 28461 4951 619 15888 4479 9405 7194 9192 7926 9273 28206 28289 619 0 20085 21571 20380 19098 418 1585 619 619 29023 28367 26567 8604 30201 32564
20608 21503 21659 21689 20718 21659 20416 21189 20085 20085 20085 43388 46290 45193 16836 23572 22759 37076 38353 43017 18374 20416 6161 18846 22698 16964 18075 23603 22620 42762 42368 20416 20085 0 33432 33049 33339 20021 20508 20416 20416 43579 42639 38849 22759 44757 46210
21096 18532 20462 20432 21206 20462 20952 21677 21571 21571 21571 13663 16302 15522 17813 14907 14649 6329 6876 13292 23442 20952 32142 23691 15450 24450 15877 14651 15318 13037 12591 20952 21571 33432 0 1191 3418 21513 20712 20952 20952 13854 12862 7306 14649 15032 16222
19905 17341 19271 19241 20015 19271 19761 20486 20380 20380 20380 12472 15322 14331 17430 13716 13458 6141 7418 12101 22972 19761 31759 22500 14259 24067 15494 13460 14127 11846 11400 19761 20380 33049 1191 0 2227 20322 19521 19761 19761 12663 11671 7643 13458 13841 15242
18623 16068 17989 17959 18733 17989 18479 19204 19098 19098 19098 10947 14160 12806 17720 13833 12677 6109 7500 10576 21696 18479 32049 21224 13478 23939 15784 12268 13346 10321 10238 18479 19098 33339 3418 2227 0 19040 18239 18479 18479 11138 10482 8193 12677 12316 14080
796 3221 1842 1872 906 1842 604 1377 418 418 418 28774 32586 30579 9230 11641 8546 24539 25816 28403 4773 604 15824 4301 9347 7016 9134 7868 9215 28148 28231 604 418 20021 21513 20322 19040 0 1299 604 604 28965 28309 26509 8546 30143 32506
1302 2386 1510 1540 1412 1510 1080 1883 1585 1585 1585 27973 31785 29778 8421 10840 7745 23738 25015 27602 4902 1080 16507 4430 8546 7145 8325 7067 8414 27347 27430 1080 1585 20508 20712 19521 18239 1299 0 1080 1080 28164 27508 25708 7745 29342 31705
222 2680 1243 1273 332 1243 0 803 619 619 619 28213 32025 30018 8669 11080 7985 23978 25255 27842 5214 0 16219 4742 8786 7457 8573 7307 8654 27587 27670 0 619 20416 20952 19761 18479 604 1080 0 0 28404 27748 25948 7985 29582 31945
222 2680 1243 1273 332 1243 0 803 619 619 619 28213 32025 30018 8669 11080 7985 23978 25255 27842 5214 0 16219 4742 8786 7457 8573 7307 8654 27587 27670 0 619 20416 20952 19761 18479 604 1080 0 0 28404 27748 25948 7985 29582 31945
28548 25993 27914 27884 28658 27914 28404 29129 29023 29023 29023 442 4625 5072 27960 23758 22602 9428 9976 622 31621 28404 42289 31149 23403 33864 26024 22193 23271 877 1750 28404 29023 43579 13854 12663 11138 28965 28164 28404 28404 0 1706 11775 22602 1224 4545
27892 25337 27258 27228 28002 27258 27748 28473 28367 28367 28367 1457 4482 4539 27020 23102 21946 7986 8534 1086 30965 27748 41349 30493 22747 33208 25084 21537 22615 831 858 27748 28367 42639 12862 11671 10482 28309 27508 27748 27748 1706 0 10333 21946 2827 4402
26092 23528 25458 25428 26202 25458 25948 26673 26567 26567 26567 11521 13561 14383 23230 20003 19745 4495 2900 11385 28859 25948 37559 28687 20546 29867 21294 19723 20414 11130 10388 25948 26567 38849 7306 7643 8193 26509 25708 25948 25948 11775 10333 0 19745 12786 13481
8129 5384 7823 7836 8239 7823 7985 8710 8604 8604 8604 22411 26223 24216 6225 3937 0 17775 19052 22040 10875 7985 21469 10478 801 11883 5308 844 669 21785 21868 7985 8604 22759 14649 13458 12677 8546 7745 7985 7985 22602 21946 19745 0 23780 26143
29726 27171 29092 29062 29836 29092 29582 30307 30201 30201 30201 1370 4098 4579 29138 24936 23780 10439 10987 1741 32799 29582 43467 32327 24581 35042 27202 23371 24449 1996 2871 29582 30201 44757 15032 13841 12316 30143 29342 29582 29582 1224 2827 12786 23780 0 4018
32089 29534 31455 31425 32199 31455 31945 32670 32564 32564 32564 4309 2116 8417 30591 26813 26143 11258 11682 4680 35162 31945 44920 34690 26944 37228 28655 25734 26812 4935 4598 31945 32564 46210 16222 15242 14080 32506 31705 31945 31945 4545 4402 13481 26143 4018 0
EOF
